4.725
4.735
4.725
4.715
4.720
4.705
4.700
4.690
4.710
4.710
4.695
4.690
4.710
4.695
4.705
4.700
4.710
4.710
4.700
4.705
4.720
4.735
4.740
4.730
4.755
4.765
4.780
4.780
4.780
4.805
4.810
4.800
4.805
4.820
4.820
4.795
4.795
4.800
4.795
4.800
4.790
4.810
4.805
4.790
4.800
4.800
4.800
4.785
4.780
4.800
4.805
4.795
4.775
4.780
4.785
4.780
4.770
4.780
4.780
4.770
4.755
4.765
4.780
4.775
4.750
4.755
4.750
4.760
4.745
4.740
4.760
4.765
4.740
4.740
4.750
4.760
4.760
4.745
4.750
4.755
4.755
4.740
4.740
4.765
4.760
4.760
4.750
4.775
4.800
4.780
4.780
4.815
4.815
4.825
4.815
4.830
4.835
4.840
4.835
4.860
4.870
4.870
4.865
4.875
4.880
4.860
4.850
4.875
4.875
4.885
4.885
4.860
4.820
4.800
4.785
4.770
4.755
4.745
4.735
4.715
4.725
4.725
4.720
4.715
4.720
4.720
4.720
4.710
4.730
4.730
4.715
4.710
4.705
4.685
4.630
4.595
4.550
4.515
4.590
4.730
4.955
5.300
5.690
5.910
5.820
5.390
4.865
4.580
4.535
4.620
4.650
4.670
4.660
4.655
4.660
4.665
4.660
4.655
4.640
4.650
4.640
4.645
4.655
4.670
4.660
4.660
4.665
4.660
4.645
4.630
4.650
4.665
4.660
4.635
4.640
4.645
4.645
4.635
4.645
4.660
4.655
4.635
4.650
4.655
4.650
4.650
4.655
4.665
4.665
4.640
4.645
4.655
4.670
4.665
4.655
4.655
4.655
4.645
4.640
4.650
4.655
4.655
4.645
4.655
4.655
4.645
4.630
4.620
4.625
4.620
4.595
4.585
4.615
4.605
4.595
4.605
4.620
4.625
4.635
4.640
4.665
4.695
4.695
4.695
4.720
4.730
4.740
4.730
4.740
4.755
4.750
4.750
4.765
4.775
4.760
4.765
4.765
4.775
4.770
4.770
4.755
4.770
4.760
4.755
4.740
4.750
4.755
4.750
4.735
4.755
4.750
4.760
4.740
4.745
4.755
4.755
4.740
4.745
4.755
4.755
4.750
4.745
4.745
4.745
4.735
4.730
4.730
4.735
4.735
4.730
4.740
4.760
4.745
4.735
4.750
4.755
4.745
4.745
4.745
4.750
4.750
4.730
4.740
4.745
4.745
4.735
4.745
4.760
4.775
4.770
4.780
4.805
4.805
4.810
4.820
4.840
4.850
4.855
4.855
4.875
4.870
4.880
4.870
4.855
4.870
4.870
4.865
4.865
4.890
4.915
4.890
4.845
4.830
4.835
4.815
4.795
4.790
4.780
4.750
4.735
4.740
4.750
4.735
4.715
4.730
4.725
4.740
4.725
4.720
4.730
4.735
4.720
4.735
4.740
4.735
4.690
4.645
4.630
4.585
4.535
4.620
4.795
5.005
5.310
5.680
5.935
6.065
6.095
5.930
5.605
5.495
4.775
4.555
4.560
4.655
4.695
4.690
4.685
4.695
4.695
4.670
4.665
4.690
4.680
4.680
4.665
4.685
4.685
4.675
4.670
4.680
4.690
4.680
4.675
4.680
4.685
4.685
4.680
4.685
4.695
4.685
4.680
4.685
4.695
4.690
4.685
4.690
4.690
4.695
4.695
4.680
4.690
4.700
4.695
4.690
4.695
4.695
4.685
4.675
4.685
4.695
4.690
4.685
4.685
4.690
4.675
4.670
4.670
4.670
4.675
4.665
4.665
4.670
4.670
4.660
4.665
4.685
4.700
4.715
4.725
4.745
4.770
4.770
4.775
4.785
4.795
4.800
4.800
4.810
4.815
4.820
4.815
4.810
4.825
4.830
4.825
4.815
4.815
4.825
4.820
4.805
4.830
4.820
4.810
4.815
4.825
4.835
4.825
4.820
4.815
4.815
4.825
4.800
4.795
4.805
4.785
4.775
4.785
4.795
4.795
4.780
4.775
4.790
4.790
4.780
4.770
4.785
4.795
4.775
4.770
4.775
4.780
4.770
4.770
4.775
4.780
4.795
4.775
4.785
4.795
4.810
4.810
4.825
4.835
4.845
4.855
4.860
4.865
4.885
4.880
4.890
4.905
4.905
4.905
4.880
4.900
4.915
4.910
4.910
4.935
4.945
4.890
4.860
4.840
4.840
4.810
4.780
4.775
4.785
4.780
4.770
4.770
4.780
4.785
4.770
4.765
4.775
4.775
4.770
4.765
4.775
4.780
4.765
4.760
4.770
4.765
4.750
4.700
4.665
4.640
4.595
4.560
4.680
4.880
5.125
5.495
5.855
5.985
5.775
5.265
4.775
4.575
4.615
4.690
4.715
4.725
4.730
4.725
4.710
4.725
4.740
4.735
4.715
4.715
4.730
4.715